1.74971e+09 0.999877 -0.0156687 0.000488108 -0.0569982 0.01567 0.999874 -0.00270937 -0.0440283 -0.000445594 0.00271668 0.999996 0.0327195 
1.74971e+09 0.99996 -0.00895747 -0.000260057 -0.0516972 0.00895984 0.999896 0.0113212 -0.0124487 0.00015862 -0.0113231 0.999936 0.0211564 
1.74971e+09 0.999763 -0.0198183 0.00902763 -0.0717859 0.0196997 0.999721 0.0130466 -0.000264321 -0.00928367 -0.0128656 0.999874 0.0229344 
1.74971e+09 0.999242 -0.0273663 0.0276843 -0.052825 0.0269427 0.999516 0.0155586 -0.00649063 -0.0280967 -0.0148009 0.999496 0.0341773 
1.74971e+09 0.999354 -0.00735402 0.0351694 -0.04036 0.00649264 0.999678 0.0245441 -0.0207142 -0.0353386 -0.0242999 0.99908 0.0340346 
1.74971e+09 0.99942 -0.00333657 0.0339009 -0.0393403 0.00235231 0.999576 0.0290319 -0.0369132 -0.0339833 -0.0289353 0.999003 0.035949 
1.74971e+09 0.999813 -0.00541841 0.0185771 -0.0203225 0.0046942 0.999236 0.0388081 -0.0254847 -0.0187732 -0.0387136 0.999074 0.0397766 
1.74971e+09 0.999852 -0.0141777 -0.00975385 -0.0252982 0.0146039 0.998875 0.0451075 -0.0389985 0.00910336 -0.0452433 0.998935 0.0436042 
1.74971e+09 0.998945 -0.0272311 -0.0369906 -0.0202849 0.0292309 0.998078 0.0546412 -0.0233054 0.0354316 -0.0556648 0.997821 0.0463396 
1.74971e+09 0.997456 -0.0344302 -0.0624178 -0.0138342 0.0385772 0.99704 0.0664998 -0.0416833 0.0599435 -0.0687386 0.995832 0.0424641 
1.74971e+09 0.995617 -0.0290421 -0.088897 -0.0197806 0.0353296 0.996922 0.0699922 -0.0469264 0.0865907 -0.0728261 0.993579 0.0335863 
1.74971e+09 0.992939 -0.00942492 -0.118251 -0.0231975 0.0177523 0.997419 0.0695672 -0.0184909 0.11729 -0.0711752 0.990544 0.0471431 
1.74971e+09 0.991712 0.00124891 -0.128471 -0.0118774 0.00736802 0.997754 0.0665759 -0.0259608 0.128266 -0.0669707 0.989476 0.0446617 
1.74971e+09 0.991569 0.0105698 -0.129151 -0.00881248 -0.00134477 0.997453 0.0713077 -0.0330369 0.129576 -0.0705328 0.989058 0.050805 
1.74971e+09 0.988211 0.0283535 -0.150451 -0.00316891 -0.0156979 0.996287 0.0846481 -0.0235831 0.152292 -0.0812884 0.984987 0.0557022 
1.74971e+09 0.986687 0.0335435 -0.159132 0.00654893 -0.0206738 0.99643 0.0818514 -0.0253534 0.161309 -0.0774718 0.983858 0.0619254 
1.74971e+09 0.987027 0.0374189 -0.156136 0.0238857 -0.0248718 0.996359 0.0815541 -0.0314539 0.158619 -0.0766127 0.984363 0.0547914 
1.74971e+09 0.986861 0.0454524 -0.155048 0.040563 -0.0333784 0.996267 0.0796073 -0.0213933 0.158088 -0.0733861 0.984694 0.0630335 
1.74971e+09 0.986718 0.0674582 -0.147772 0.04508 -0.0577648 0.995947 0.0689389 -0.0166066 0.151823 -0.0594872 0.986616 0.0710572 
1.74971e+09 0.987059 0.106488 -0.119895 0.0636424 -0.0991217 0.992896 0.0658285 -0.0128233 0.126053 -0.0530924 0.990602 0.0805021 
1.74971e+09 0.981979 0.153755 -0.109898 0.0765539 -0.14766 0.987115 0.0616486 -0.00277517 0.117961 -0.0443101 0.992029 0.082718 
1.74971e+09 0.971193 0.209232 -0.114049 0.0905377 -0.203051 0.977108 0.0634859 0.00186421 0.124721 -0.0384994 0.991445 0.0754533 
1.74971e+09 0.970058 0.218553 -0.105937 0.0922022 -0.21422 0.975462 0.0508257 -0.0112237 0.114446 -0.0266101 0.993073 0.0841212 
1.74971e+09 0.971182 0.214845 -0.103185 0.109543 -0.210157 0.97615 0.0544595 -0.0188201 0.112424 -0.031205 0.99317 0.080964 
1.74971e+09 0.974462 0.199524 -0.103028 0.113743 -0.194287 0.979188 0.0586837 -0.0149779 0.112593 -0.037168 0.992946 0.080301 
1.74971e+09 0.982416 0.166846 -0.0837887 0.13189 -0.162382 0.985047 0.057579 -0.0246375 0.0921426 -0.0429607 0.994819 0.0890642 
1.74971e+09 0.988936 0.136113 -0.0589791 0.150863 -0.132519 0.989296 0.0610909 -0.039235 0.066663 -0.0525991 0.996388 0.0896978 
1.74971e+09 0.992404 0.11193 -0.0510483 0.166806 -0.108581 0.992009 0.0642456 -0.0455715 0.0578314 -0.0582147 0.996628 0.0854705 
1.74971e+09 0.995903 0.0786262 -0.0446617 0.1806 -0.0752143 0.994453 0.0735274 -0.0496963 0.0501951 -0.069867 0.996293 0.0927021 
1.74971e+09 0.998556 0.0447641 -0.0296987 0.200614 -0.0422216 0.995793 0.0813195 -0.0696332 0.033214 -0.0799481 0.996246 0.104478 
1.74971e+09 0.99919 0.0142452 -0.0376321 0.221329 -0.0108767 0.99604 0.0882438 -0.0837231 0.0387401 -0.087763 0.995388 0.0941735 
1.74971e+09 0.99944 -0.0105088 -0.0317836 0.235561 0.0134036 0.995643 0.0922838 -0.076413 0.0306753 -0.0926581 0.995225 0.0992369 
1.74971e+09 0.999048 -0.0319372 -0.0297106 0.249693 0.0348258 0.994132 0.102417 -0.0794106 0.0262653 -0.103354 0.994298 0.102076 
1.74971e+09 0.998572 -0.0435028 -0.0309947 0.261453 0.0465594 0.993287 0.105894 -0.0759837 0.0261799 -0.107186 0.993894 0.108654 
1.74971e+09 0.997832 -0.0625698 -0.0204189 0.276802 0.0643097 0.99289 0.100169 -0.072629 0.0140062 -0.101265 0.994761 0.111545 
1.74971e+09 0.997419 -0.06911 -0.0194562 0.288014 0.0707301 0.992371 0.100982 -0.0705047 0.0123288 -0.102098 0.994698 0.116573 
1.74971e+09 0.997177 -0.0724719 -0.0196427 0.316297 0.0741584 0.991561 0.10634 -0.0649874 0.0117703 -0.107496 0.994136 0.115638 
1.74971e+09 0.997345 -0.0708375 -0.0169057 0.330597 0.0722015 0.992126 0.102336 -0.0641685 0.00952331 -0.103285 0.994606 0.121087 
1.74971e+09 0.998132 -0.0591467 -0.0152896 0.361302 0.0604523 0.992358 0.107569 -0.0546145 0.00881044 -0.108292 0.99408 0.122833 
1.74971e+09 0.998701 -0.0503608 -0.00772454 0.374368 0.0509101 0.992367 0.112318 -0.0570769 0.00200916 -0.112565 0.993642 0.124342 
1.74971e+09 0.998457 -0.053788 -0.0138138 0.40713 0.054964 0.992689 0.107457 -0.0403911 0.00793295 -0.10805 0.994114 0.129084 
1.74971e+09 0.99757 -0.0664845 -0.0208445 0.431593 0.0683083 0.992179 0.104477 -0.0202784 0.0137354 -0.105647 0.994309 0.141217 
1.74971e+09 0.997238 -0.0657526 -0.0345284 0.45983 0.0689374 0.992493 0.101021 -0.0164273 0.0276268 -0.103122 0.994285 0.157117 
1.74971e+09 0.997591 -0.0539782 -0.0435814 0.46945 0.058115 0.993287 0.100022 0.0175335 0.0378898 -0.102314 0.99403 0.160319 
1.74971e+09 0.998287 -0.0483874 -0.0328746 0.492201 0.0516307 0.992995 0.106278 0.00191903 0.0275018 -0.107794 0.993793 0.175161 
1.74971e+09 0.997089 -0.0645933 -0.0405237 0.518335 0.0688954 0.990887 0.115739 -0.00992107 0.0326784 -0.118194 0.992453 0.171832 
1.74971e+09 0.996024 -0.0781186 -0.0428233 0.542674 0.0832496 0.987309 0.135239 -0.00722883 0.0317151 -0.138266 0.989887 0.185253 
1.74971e+09 0.995084 -0.0887941 -0.0438618 0.57724 0.0943582 0.984539 0.14758 0.00537504 0.0300794 -0.150993 0.988077 0.184323 
1.74971e+09 0.994618 -0.0835949 -0.0612199 0.600445 0.0922819 0.983355 0.156513 0.00193185 0.0471173 -0.16132 0.985777 0.188042 
1.74971e+09 0.99183 -0.111547 -0.0618945 0.63614 0.120251 0.97948 0.161735 -0.00282355 0.0425834 -0.167857 0.984891 0.199115 
1.74971e+09 0.987208 -0.14539 -0.0654385 0.651371 0.154377 0.974241 0.164383 -0.00119392 0.0398533 -0.172382 0.984224 0.2063 
1.74971e+09 0.982884 -0.17073 -0.0692129 0.676395 0.180257 0.968824 0.169965 -0.00322912 0.038037 -0.179532 0.983017 0.217415 
1.74971e+09 0.979884 -0.188561 -0.0653565 0.712225 0.197162 0.965376 0.170813 -0.00588072 0.0308848 -0.180263 0.983133 0.213463 
1.74971e+09 0.978131 -0.197041 -0.0665946 0.723704 0.205596 0.964412 0.16625 0.00192991 0.0314667 -0.176306 0.983832 0.229275 
1.74971e+09 0.978441 -0.194194 -0.0702949 0.749963 0.203434 0.96492 0.165965 0.0049262 0.0355994 -0.176687 0.983623 0.228834 
1.74971e+09 0.981954 -0.1741 -0.0738592 0.763478 0.184031 0.969632 0.161081 0.016291 0.043572 -0.171767 0.984174 0.233455 
1.74971e+09 0.984879 -0.157151 -0.0729156 0.796619 0.166542 0.974768 0.148633 -0.00799925 0.0477179 -0.158529 0.986201 0.250219 
1.74971e+09 0.988885 -0.13035 -0.071517 0.826202 0.139929 0.978527 0.151341 0.0113612 0.050254 -0.159667 0.985891 0.247832 
1.74971e+09 0.991034 -0.111122 -0.0741848 0.850529 0.121231 0.981276 0.149667 0.0210465 0.0561645 -0.157318 0.98595 0.256479 
1.74971e+09 0.994455 -0.0870617 -0.0589817 0.860593 0.094778 0.985026 0.144019 0.0310834 0.0455599 -0.148811 0.987816 0.264647 
1.74971e+09 0.996899 -0.0537983 -0.0574362 0.892716 0.0610437 0.989244 0.132926 0.0288028 0.0496672 -0.13602 0.98946 0.265285 
1.74971e+09 0.99838 -0.0391535 -0.0412941 0.910727 0.0439209 0.991595 0.121695 0.0315807 0.0361823 -0.123312 0.991708 0.281133 
1.74971e+09 0.999106 -0.0222627 -0.0359262 0.934303 0.026642 0.991618 0.126431 0.0385334 0.0328104 -0.127275 0.991325 0.285529 
1.74971e+09 0.999206 -0.00473932 -0.0395553 0.953575 0.00953955 0.992476 0.122065 0.0493586 0.0386792 -0.122345 0.991734 0.286841 
1.74971e+09 0.999505 0.0062375 -0.030827 0.98346 -0.00240247 0.992415 0.122909 0.0532042 0.0313598 -0.122774 0.991939 0.28194 
1.74971e+09 0.999729 0.0107713 -0.020634 1.006 -0.0080752 0.991927 0.126554 0.0407967 0.0218306 -0.126353 0.991745 0.296348 
1.74971e+09 0.999738 0.0183712 -0.0136828 1.03276 -0.0162338 0.989645 0.142619 0.035901 0.0161612 -0.14236 0.989683 0.304805 
1.74971e+09 0.999666 0.0199217 -0.01648 1.05441 -0.0172682 0.988854 0.147886 0.0449674 0.0192425 -0.147552 0.988867 0.314571 
1.74971e+09 0.999677 -0.00567022 -0.0247924 1.08631 0.00938932 0.988247 0.152575 0.0348073 0.0236359 -0.152758 0.987981 0.310569 
1.74971e+09 0.999341 -0.0260874 -0.0252505 1.10626 0.0298084 0.986596 0.160433 0.0392757 0.0207267 -0.16108 0.986724 0.313623 
1.74971e+09 0.998907 -0.0309197 -0.035062 1.12011 0.0360805 0.986831 0.157678 0.0556684 0.0297249 -0.15877 0.986868 0.333752 
1.74971e+09 0.998142 -0.0366444 -0.0486713 1.14111 0.043568 0.987754 0.14981 0.0490808 0.0425856 -0.151652 0.987516 0.341177 
1.74971e+09 0.997706 -0.0260559 -0.0624765 1.17076 0.0352072 0.988032 0.150175 0.044705 0.0578158 -0.152031 0.986683 0.347095 
1.74971e+09 0.996306 -0.03648 -0.0777433 1.19934 0.0473422 0.988617 0.142811 0.0510206 0.0716486 -0.145964 0.986692 0.352551 
1.74971e+09 0.99448 -0.0610902 -0.0853078 1.22884 0.0735011 0.985815 0.150887 0.0551689 0.07488 -0.156324 0.984863 0.368028 
1.74971e+09 0.993933 -0.0559567 -0.0946881 1.25234 0.07022 0.985458 0.154729 0.0696811 0.084653 -0.160439 0.983409 0.372351 
1.74971e+09 0.994449 -0.0611198 -0.0856512 1.26178 0.0723737 0.98818 0.135137 0.0711225 0.0763793 -0.140585 0.987118 0.384333 
1.74971e+09 0.994787 -0.0672911 -0.0766214 1.28664 0.0776991 0.986791 0.14215 0.0739736 0.0660439 -0.147363 0.986875 0.388887 
1.74971e+09 0.991428 -0.10172 -0.0819963 1.30725 0.11289 0.982871 0.145675 0.0704047 0.0657738 -0.153683 0.985929 0.408941 
1.74971e+09 0.985888 -0.147267 -0.0796128 1.32804 0.158338 0.974691 0.157818 0.0759387 0.0543565 -0.168197 0.984254 0.405632 
1.74971e+09 0.981284 -0.181409 -0.0645906 1.35021 0.189874 0.967397 0.167603 0.076544 0.0320801 -0.17673 0.983736 0.410768 
1.74971e+09 0.981928 -0.181264 -0.0544187 1.3731 0.188379 0.963752 0.18893 0.09058 0.0181999 -0.195767 0.980481 0.41366 
1.74971e+09 0.980253 -0.191035 -0.0510914 1.39084 0.197478 0.959179 0.20243 0.0992595 0.0103346 -0.208522 0.977963 0.422705 
1.74971e+09 0.97119 -0.231708 -0.0556883 1.42134 0.238251 0.949112 0.20597 0.085541 0.00512941 -0.213304 0.976972 0.435077 
1.74971e+09 0.959994 -0.277036 -0.0407809 1.44487 0.279353 0.937429 0.207817 0.0917673 -0.0193438 -0.210896 0.977317 0.431904 
1.74971e+09 0.954996 -0.295619 -0.0243448 1.48437 0.293621 0.930511 0.218941 0.097714 -0.04207 -0.216236 0.975434 0.428753 
1.74971e+09 0.945144 -0.326594 -0.00622207 1.50325 0.319606 0.920652 0.224169 0.0992493 -0.0674836 -0.21386 0.974531 0.442158 
1.74971e+09 0.937787 -0.347188 0.00402408 1.51717 0.337355 0.913846 0.226004 0.117837 -0.0821432 -0.210586 0.974118 0.440424 
1.74971e+09 0.927758 -0.372479 0.0228832 1.55355 0.358338 0.906301 0.224082 0.111463 -0.104205 -0.199694 0.974302 0.450722 
1.74971e+09 0.921186 -0.387774 0.0323757 1.58318 0.371472 0.901125 0.223566 0.0869894 -0.115868 -0.193919 0.974151 0.450328 
1.74971e+09 0.92074 -0.389598 0.0212317 1.60568 0.375618 0.899798 0.221981 0.0846603 -0.105588 -0.196412 0.97482 0.453908 
1.74971e+09 0.915158 -0.402277 0.0256824 1.62216 0.387947 0.896278 0.214901 0.111904 -0.109468 -0.186705 0.976298 0.466836 
1.74971e+09 0.912385 -0.408826 0.0203876 1.65541 0.397178 0.896239 0.197497 0.122611 -0.0990142 -0.172096 0.980091 0.461073 
1.74971e+09 0.917673 -0.397159 0.0119051 1.68109 0.388593 0.903326 0.181654 0.12893 -0.0828996 -0.162072 0.983291 0.48164 
1.74971e+09 0.929298 -0.369315 -0.00334693 1.71489 0.363946 0.914173 0.178412 0.137426 -0.0628305 -0.167016 0.98395 0.490125 
1.74971e+09 0.933429 -0.358601 -0.0107598 1.74494 0.355646 0.920962 0.159203 0.153606 -0.0471809 -0.152431 0.987187 0.499959 
1.74971e+09 0.938631 -0.343461 -0.0317202 1.76754 0.344499 0.928954 0.135515 0.151706 -0.0170775 -0.138126 0.990267 0.507042 
1.74971e+09 0.933864 -0.355222 -0.0414047 1.79908 0.357601 0.926117 0.120119 0.201419 -0.00432318 -0.126981 0.991896 0.530694 
1.74971e+09 0.924921 -0.377014 -0.0488017 1.82827 0.380146 0.916142 0.127177 0.216359 -0.00323808 -0.13618 0.990679 0.530174 
1.74971e+09 0.918208 -0.393501 -0.0452797 1.84775 0.395857 0.907644 0.13957 0.213939 -0.0138231 -0.146079 0.989176 0.541317 
1.74971e+09 0.914142 -0.403993 -0.0336879 1.88672 0.404357 0.902706 0.147028 0.203731 -0.028988 -0.148026 0.988558 0.540753 
1.74971e+09 0.916741 -0.398737 -0.0243865 1.90708 0.397462 0.904274 0.155922 0.208772 -0.0401199 -0.152633 0.987468 0.547363 
1.74971e+09 0.928922 -0.368852 -0.0324337 1.93915 0.368951 0.914639 0.165257 0.213816 -0.0312903 -0.165477 0.985717 0.556108 
1.74971e+09 0.940033 -0.338804 -0.0393743 1.97264 0.340459 0.925049 0.168441 0.204663 -0.0206452 -0.171745 0.984925 0.559525 
1.74971e+09 0.955208 -0.293288 -0.039505 2.00533 0.295491 0.937915 0.181662 0.195521 -0.016227 -0.185199 0.982567 0.573799 
1.74971e+09 0.963446 -0.262309 -0.0544659 2.04549 0.267829 0.947865 0.172682 0.188481 0.00633035 -0.180957 0.983471 0.583327 
1.74971e+09 0.97524 -0.211273 -0.0653431 2.07521 0.219384 0.961507 0.165452 0.204101 0.0278724 -0.17569 0.984051 0.603401 
1.74971e+09 0.986233 -0.147983 -0.0737902 2.11114 0.158147 0.974452 0.159478 0.197822 0.048305 -0.168952 0.98444 0.612568 
1.74971e+09 0.99139 -0.116026 -0.0606881 2.14312 0.124224 0.979946 0.155804 0.175217 0.0413938 -0.162001 0.985922 0.615994 
1.74971e+09 0.994035 -0.0970365 -0.0497822 2.16835 0.103677 0.982424 0.155226 0.182113 0.0338447 -0.159461 0.986624 0.617894 
1.74971e+09 0.995663 -0.0869718 -0.0330284 2.19902 0.0909013 0.985033 0.14645 0.162953 0.019797 -0.148817 0.988667 0.628986 
1.74971e+09 0.997694 -0.0653417 -0.0183752 2.21267 0.0673292 0.987001 0.145934 0.158196 0.0086008 -0.146834 0.989124 0.629842 
1.74971e+09 0.999337 -0.0343253 -0.012111 2.24123 0.0357202 0.988786 0.145003 0.171319 0.00699789 -0.14534 0.989357 0.647767 
1.74971e+09 0.999852 -0.0171438 -0.00159726 2.26656 0.0171999 0.990228 0.138391 0.180246 -0.000790902 -0.138398 0.990376 0.655886 
1.74971e+09 0.999988 -0.000131033 0.00483714 2.29834 -0.000522245 0.990872 0.134806 0.163028 -0.00481066 -0.134807 0.99086 0.657876 
1.74971e+09 0.999712 0.0222767 0.00888178 2.31346 -0.0232489 0.991108 0.131013 0.192538 -0.00588427 -0.131182 0.991341 0.666075 
1.74971e+09 0.998774 0.0494947 -2.97839e-05 2.33722 -0.0490525 0.989931 0.13278 0.195036 0.00660139 -0.132616 0.991146 0.678514 
1.74971e+09 0.997549 0.0697335 -0.00569667 2.36295 -0.0683623 0.988783 0.132799 0.207165 0.0148933 -0.132084 0.991127 0.686743 
1.74971e+09 0.997061 0.0766079 -0.000780257 2.37924 -0.0758551 0.988588 0.130153 0.210341 0.0107421 -0.129711 0.991494 0.690847 
1.74971e+09 0.995859 0.0909058 -0.000227942 2.40188 -0.0901207 0.987581 0.128695 0.219072 0.0119242 -0.128142 0.991684 0.705312 
1.74971e+09 0.995366 0.096021 0.00519756 2.41488 -0.0959039 0.987293 0.126709 0.225877 0.00703518 -0.12662 0.991926 0.705887 
1.74971e+09 0.993594 0.112922 0.00449742 2.43091 -0.112534 0.984953 0.131165 0.220948 0.0103817 -0.130831 0.99135 0.697141 
1.74971e+09 0.992323 0.123099 0.011888 2.45353 -0.123582 0.983353 0.133204 0.226131 0.00470721 -0.133651 0.991017 0.693587 
1.74971e+09 0.991795 0.126721 0.0168884 2.46407 -0.127842 0.983133 0.130786 0.212838 -3.01125e-05 -0.131872 0.991267 0.710239 
1.74971e+09 0.992512 0.121518 0.0123742 2.4792 -0.122093 0.983962 0.130046 0.203324 0.00362723 -0.130583 0.991431 0.710439 
1.74971e+09 0.993715 0.111349 0.0114631 2.50056 -0.11189 0.985074 0.130806 0.200844 0.00327307 -0.131266 0.991342 0.715491 
1.74971e+09 0.993136 0.116638 0.00869789 2.52003 -0.116782 0.984735 0.12907 0.203916 0.00648935 -0.1292 0.991597 0.725327 
1.74971e+09 0.992757 0.120138 -0.000544109 2.55244 -0.118994 0.983905 0.13331 0.199254 0.0165509 -0.132279 0.991074 0.724483 
1.74971e+09 0.991663 0.128851 0.00156579 2.57806 -0.127955 0.983188 0.130268 0.20741 0.0152457 -0.129383 0.991478 0.731927 
1.74971e+09 0.991619 0.129061 -0.00590439 2.59957 -0.127452 0.984695 0.11888 0.185294 0.0211567 -0.117131 0.992891 0.742435 
1.74971e+09 0.99217 0.124331 -0.0118692 2.62608 -0.121768 0.984075 0.129497 0.185284 0.0277808 -0.127038 0.991509 0.749064 
1.74971e+09 0.993137 0.116951 0.00132853 2.64639 -0.116261 0.985908 0.120289 0.179554 0.0127581 -0.119618 0.992738 0.75698 
1.74971e+09 0.993426 0.114406 0.0040254 2.66062 -0.114032 0.985854 0.122835 0.193609 0.0100846 -0.122486 0.992419 0.7629 
1.74971e+09 0.993857 0.110327 0.00873966 2.66755 -0.110569 0.986429 0.121373 0.195465 0.00476965 -0.121594 0.992568 0.758245 
1.74971e+09 0.994919 0.100433 0.00705314 2.68062 -0.100532 0.987201 0.123805 0.203526 0.00547127 -0.123885 0.992282 0.770951 
1.74971e+09 0.996973 0.0775773 0.00522251 2.69282 -0.0776177 0.989032 0.125661 0.200127 0.00458323 -0.125686 0.992059 0.759045 
1.74971e+09 0.998212 0.059766 0.00107894 2.70204 -0.0593996 0.989747 0.129898 0.206783 0.00669559 -0.12973 0.991527 0.761884 
1.74971e+09 0.998922 0.0462946 -0.0034884 2.71514 -0.0454527 0.990522 0.129616 0.224068 0.00945587 -0.129318 0.991558 0.776736 
1.74971e+09 0.999427 0.0326212 -0.00899018 2.73852 -0.031138 0.990631 0.132966 0.222672 0.0132434 -0.13261 0.99108 0.77099 
1.74971e+09 0.999736 0.0202594 -0.0108542 2.7504 -0.0186831 0.991389 0.12961 0.227871 0.0133866 -0.129373 0.991506 0.777175 
1.74971e+09 0.999758 0.0171913 -0.013755 2.76295 -0.015341 0.992056 0.124859 0.253198 0.0157922 -0.124618 0.992079 0.778979 
1.74971e+09 0.999796 0.00599938 -0.0193113 2.76911 -0.00377162 0.993543 0.113394 0.262988 0.0198669 -0.113298 0.993362 0.787985 
1.74971e+09 0.999719 0.000144898 -0.0237182 2.78684 0.00252584 0.993645 0.112534 0.247177 0.0235837 -0.112563 0.993365 0.797456 
1.74971e+09 0.999462 0.0074566 -0.0319425 2.80722 -0.00386296 0.993799 0.111121 0.265796 0.032573 -0.110938 0.993293 0.794431 
1.74971e+09 0.999616 0.00320612 -0.0275161 2.80844 -0.000151621 0.993898 0.110299 0.270994 0.0277019 -0.110252 0.993517 0.810757 
1.74971e+09 0.999631 0.00702839 -0.0262206 2.82878 -0.00382812 0.992747 0.120162 0.294265 0.0268749 -0.120017 0.992408 0.802848 
1.74971e+09 0.999763 0.00561636 -0.021053 2.83537 -0.00295685 0.992242 0.124288 0.305782 0.0215877 -0.124196 0.992023 0.818912 
1.74971e+09 0.999812 -0.00115698 -0.0193729 2.83952 0.00350547 0.992569 0.121635 0.310861 0.0190882 -0.12168 0.992386 0.817582 
1.74971e+09 0.999763 -0.0164318 -0.0142974 2.86238 0.0181367 0.991518 0.128699 0.324113 0.0120613 -0.128928 0.991581 0.816804 
1.74971e+09 0.999242 -0.0366465 -0.0130964 2.86692 0.0381267 0.989316 0.140714 0.33583 0.00779979 -0.141107 0.989964 0.814204 
1.74971e+09 0.997838 -0.0651599 -0.00856344 2.88785 0.0657029 0.986087 0.152695 0.334776 -0.00150526 -0.152927 0.988236 0.821502 
1.74971e+09 0.995892 -0.0901859 -0.00812442 2.88939 0.0903396 0.98343 0.157173 0.343844 -0.00618501 -0.157262 0.987538 0.821464 
1.74971e+09 0.993877 -0.110101 -0.00929668 2.90182 0.110149 0.980651 0.161838 0.352983 -0.00870167 -0.161871 0.986774 0.838281 
1.74971e+09 0.990963 -0.133665 -0.0111863 2.92589 0.133633 0.976646 0.168242 0.334665 -0.011563 -0.168217 0.985682 0.841925 
1.74971e+09 0.988656 -0.150012 -0.00746786 2.9352 0.149086 0.974083 0.170105 0.360695 -0.0182434 -0.169288 0.985398 0.842833 
1.74971e+09 0.98704 -0.159997 -0.0123874 2.95301 0.159715 0.971923 0.172791 0.363041 -0.0156064 -0.17253 0.984881 0.844856 
1.74971e+09 0.985818 -0.166526 -0.0207885 2.96864 0.167596 0.970537 0.173119 0.358807 -0.00865297 -0.174148 0.984681 0.847077 
1.74971e+09 0.985803 -0.165987 -0.025314 2.98755 0.167873 0.971364 0.168137 0.348101 -0.0033194 -0.169999 0.985439 0.852848 
1.74971e+09 0.984911 -0.171058 -0.0262506 3.00401 0.173026 0.970306 0.16902 0.341504 -0.00344096 -0.171011 0.985263 0.857249 
1.74971e+09 0.982543 -0.184481 -0.0239991 3.0274 0.185846 0.967515 0.171392 0.337305 -0.00839901 -0.17286 0.984911 0.856134 
1.74971e+09 0.978674 -0.204371 -0.020731 3.0545 0.204819 0.963118 0.174506 0.309546 -0.0156975 -0.17503 0.984438 0.869584 
1.74971e+09 0.973491 -0.227097 -0.0272521 3.06552 0.228423 0.959149 0.166903 0.320716 -0.0117643 -0.168703 0.985597 0.858724 
1.74971e+09 0.971277 -0.237009 -0.0211665 3.08488 0.237061 0.956113 0.172191 0.310843 -0.0205731 -0.172263 0.984836 0.865121 
1.74971e+09 0.969617 -0.243869 -0.0192757 3.09418 0.243592 0.955251 0.167805 0.325553 -0.0225094 -0.167402 0.985632 0.875213 
1.74971e+09 0.968332 -0.249329 -0.0129691 3.1092 0.24745 0.951534 0.182623 0.306361 -0.0331927 -0.180048 0.983098 0.880028 
1.74971e+09 0.969485 -0.245036 -0.00750799 3.11922 0.242107 0.952183 0.186368 0.330008 -0.0385179 -0.182498 0.982451 0.892102 
1.74971e+09 0.972784 -0.231457 -0.0109026 3.14295 0.229433 0.955558 0.185118 0.336383 -0.0324288 -0.182581 0.982656 0.889054 
1.74971e+09 0.975951 -0.217422 -0.0157284 3.16498 0.216829 0.960784 0.172854 0.356206 -0.0224706 -0.172107 0.984822 0.897937 
1.74971e+09 0.977197 -0.211947 -0.0128231 3.1789 0.211111 0.963319 0.165679 0.354449 -0.0227624 -0.164608 0.986096 0.895982 
1.74971e+09 0.978419 -0.205957 -0.0166803 3.20927 0.206201 0.967997 0.14305 0.353632 -0.0133156 -0.143402 0.989575 0.904511 
1.74971e+09 0.983729 -0.179343 -0.0106853 3.23206 0.179119 0.974407 0.135822 0.366335 -0.0139468 -0.135526 0.990676 0.91978 
1.74971e+09 0.987436 -0.157983 -0.00349138 3.25382 0.157084 0.978938 0.130402 0.386816 -0.0171835 -0.129312 0.991455 0.90998 
1.74971e+09 0.988875 -0.14857 -0.00733113 3.26516 0.148232 0.980114 0.131922 0.38714 -0.0124143 -0.131541 0.991233 0.926975 
1.74971e+09 0.989289 -0.145944 -0.00276364 3.27681 0.14507 0.980919 0.12943 0.401387 -0.0161785 -0.128444 0.991585 0.932317 
1.74971e+09 0.990544 -0.137193 0.000443381 3.28531 0.135742 0.980529 0.141902 0.40995 -0.0199027 -0.1405 0.989881 0.939108 
1.74971e+09 0.991017 -0.133731 -0.000627603 3.30637 0.132172 0.978732 0.156892 0.406294 -0.0203671 -0.155566 0.987616 0.941747 
1.74971e+09 0.989699 -0.143161 0.000971353 3.31655 0.141049 0.976218 0.16463 0.412934 -0.0245169 -0.162798 0.986355 0.95066 
1.74971e+09 0.991542 -0.129456 -0.00920592 3.32961 0.129108 0.976676 0.171569 0.428833 -0.0132193 -0.171306 0.985129 0.950914 
1.74971e+09 0.995811 -0.0908659 -0.0101559 3.33647 0.0911932 0.97905 0.182058 0.437358 -0.00659973 -0.182221 0.983235 0.954842 
1.74971e+09 0.999067 -0.0399346 -0.0164211 3.34382 0.0422763 0.982038 0.183884 0.463846 0.00878287 -0.184407 0.982811 0.955192 
1.74971e+09 0.999762 -0.0181727 -0.0120773 3.36807 0.0199629 0.985232 0.170057 0.458099 0.00880852 -0.170258 0.98536 0.953303 
1.74971e+09 0.999839 -0.0119429 -0.0134092 3.38097 0.0139821 0.986351 0.164063 0.458385 0.0112668 -0.164224 0.986359 0.964181 
1.74971e+09 0.999818 0.00478706 -0.0184758 3.39918 -0.00161552 0.985787 0.167992 0.469952 0.0190174 -0.167932 0.985615 0.973237 
1.74971e+09 0.99976 0.00981219 -0.0195862 3.42384 -0.00627309 0.984868 0.17319 0.459629 0.0209892 -0.173026 0.984694 0.979063 
1.74971e+09 0.999822 0.005418 -0.0180688 3.44718 -0.00214045 0.984263 0.176696 0.461993 0.0187418 -0.176626 0.9841 0.99044 
1.74971e+09 0.999375 0.0199972 -0.0291489 3.47609 -0.0145974 0.984476 0.174912 0.463366 0.0321942 -0.174377 0.984152 0.99855 
1.74971e+09 0.998519 0.0440342 -0.0319464 3.5073 -0.0375532 0.982787 0.180887 0.451697 0.0393617 -0.179419 0.982985 1.0137 
1.74971e+09 0.998042 0.0523889 -0.0341774 3.53672 -0.0454816 0.982892 0.178481 0.435949 0.0429431 -0.176577 0.98335 1.02254 
1.74971e+09 0.996966 0.0698015 -0.0344318 3.56013 -0.0628225 0.982839 0.173437 0.436185 0.0459471 -0.170748 0.984243 1.03162 
1.74971e+09 0.997232 0.070705 -0.0230073 3.58875 -0.0658191 0.98338 0.169209 0.425072 0.0345888 -0.167226 0.985312 1.04128 
1.74971e+09 0.997014 0.0766656 -0.00924261 3.60406 -0.0740811 0.983384 0.165737 0.412117 0.0217954 -0.164557 0.986127 1.04005 
1.74971e+09 0.997474 0.0703949 -0.00950196 3.62268 -0.0679654 0.984704 0.160434 0.383864 0.0206504 -0.159383 0.987001 1.04244 
1.74971e+09 0.998835 0.0476861 -0.00739425 3.6415 -0.0458599 0.985714 0.162064 0.412214 0.0150168 -0.161536 0.986753 1.04624 
1.74971e+09 0.999661 0.0253256 -0.00611298 3.65492 -0.0239567 0.985776 0.166348 0.442829 0.0102389 -0.166145 0.986048 1.04775 
1.74971e+09 0.999942 -0.000931473 -0.0107335 3.66802 0.00283527 0.98389 0.178752 0.452358 0.0103941 -0.178772 0.983836 1.05827 
1.74971e+09 0.999624 -0.0245627 -0.0121718 3.68965 0.0264802 0.98005 0.196977 0.463223 0.00709072 -0.197226 0.980332 1.05733 
1.74971e+09 0.99897 -0.0326915 -0.0314781 3.71009 0.0384344 0.978267 0.203754 0.468561 0.0241329 -0.204754 0.978516 1.06903 
1.74971e+09 0.99779 -0.0412046 -0.0521324 3.73413 0.0511736 0.976942 0.20728 0.479835 0.0423894 -0.209489 0.976892 1.07229 
1.74971e+09 0.996417 -0.0696545 -0.0479652 3.74883 0.0780247 0.975935 0.203624 0.499441 0.0326276 -0.206637 0.977874 1.08521 
1.74971e+09 0.994791 -0.0891713 -0.0493856 3.77325 0.0970357 0.976802 0.190898 0.515106 0.0312173 -0.194696 0.980367 1.09316 
1.74971e+09 0.993258 -0.103211 -0.0527911 3.79539 0.111363 0.976009 0.187095 0.515881 0.0322143 -0.191713 0.980922 1.09635 
1.74971e+09 0.990971 -0.124996 -0.0485054 3.81894 0.131553 0.976327 0.171695 0.539659 0.025896 -0.176526 0.983955 1.1043 
1.74971e+09 0.988546 -0.145794 -0.0390024 3.84318 0.150167 0.975999 0.15772 0.542624 0.0150716 -0.16177 0.986713 1.09516 
1.74971e+09 0.986949 -0.15791 -0.0315494 3.86071 0.160814 0.976685 0.142218 0.561998 0.00835616 -0.145435 0.989332 1.11534 
1.74971e+09 0.985736 -0.160722 -0.0499353 3.87518 0.16652 0.974435 0.150824 0.563462 0.0244179 -0.156988 0.987299 1.12101 
1.74971e+09 0.98204 -0.181726 -0.0507331 3.89249 0.187681 0.968454 0.163932 0.557302 0.0193419 -0.170509 0.985166 1.12272 
1.74971e+09 0.97893 -0.199832 -0.0420035 3.91855 0.204141 0.962622 0.178004 0.570176 0.00486265 -0.182828 0.983133 1.1236 
1.74971e+09 0.975458 -0.217517 -0.0341753 3.94195 0.219983 0.956105 0.193575 0.587053 -0.00943078 -0.196342 0.98049 1.13154 
1.74971e+09 0.972888 -0.230033 -0.0239559 3.96564 0.2301 0.952298 0.200454 0.574689 -0.0232978 -0.200531 0.97941 1.13992 
1.74971e+09 0.97274 -0.229657 -0.0321531 3.98111 0.231259 0.950422 0.207887 0.571188 -0.0171836 -0.209655 0.977624 1.14641 
1.74971e+09 0.970688 -0.237426 -0.037341 4.00299 0.239859 0.947091 0.213276 0.582486 -0.0152719 -0.215981 0.976278 1.15135 
1.74971e+09 0.973635 -0.223897 -0.0436565 4.0239 0.22805 0.950859 0.20943 0.605394 -0.00537955 -0.213864 0.976849 1.15372 
1.74971e+09 0.97794 -0.20489 -0.040665 4.04206 0.208838 0.954826 0.211411 0.588676 -0.00448792 -0.215239 0.976551 1.15375 
1.74971e+09 0.980065 -0.19564 -0.0345928 4.0611 0.198535 0.95789 0.207436 0.6022 -0.00744669 -0.210169 0.977637 1.15906 
1.74971e+09 0.980335 -0.194222 -0.0349401 4.0835 0.197117 0.955345 0.22014 0.584496 -0.00937629 -0.222698 0.974842 1.166 
1.74971e+09 0.982437 -0.181797 -0.0420424 4.09902 0.186586 0.954968 0.230696 0.608788 -0.00179071 -0.234489 0.972117 1.17653 
1.74971e+09 0.985837 -0.164463 -0.0328195 4.12368 0.167465 0.954907 0.245169 0.60263 -0.00898176 -0.247193 0.968925 1.17751 
1.74971e+09 0.98765 -0.153772 -0.0300292 4.15069 0.15636 0.955219 0.251213 0.621057 -0.00994502 -0.252806 0.967466 1.18194 
1.74971e+09 0.989025 -0.144545 -0.0306125 4.16756 0.147574 0.956276 0.252505 0.613517 -0.00722444 -0.254252 0.967111 1.18704 
1.74971e+09 0.990597 -0.133679 -0.0290948 4.18395 0.136706 0.958979 0.248337 0.618302 -0.00529613 -0.249979 0.968237 1.18605 
1.74971e+09 0.992111 -0.120936 -0.0330166 4.20337 0.125334 0.96247 0.240714 0.593084 0.00266641 -0.242953 0.970034 1.20541 
1.74971e+09 0.994866 -0.0929637 -0.0399971 4.23154 0.0997912 0.966904 0.234815 0.619299 0.016844 -0.237601 0.971217 1.20331 
1.74971e+09 0.997026 -0.0692001 -0.0339221 4.25166 0.0749547 0.97306 0.218029 0.629349 0.0179206 -0.219924 0.975352 1.21212 
1.74971e+09 0.99832 -0.0311188 -0.0488686 4.27686 0.0409649 0.975623 0.215596 0.635936 0.0409682 -0.217236 0.975259 1.22214 
1.74971e+09 0.997415 0.00705549 -0.0715085 4.29644 0.00762772 0.979149 0.203002 0.656618 0.0714498 -0.203023 0.976564 1.2293 
1.74971e+09 0.9957 0.0408265 -0.0831595 4.32252 -0.0246315 0.982015 0.18719 0.648784 0.0893062 -0.184336 0.978797 1.24629 
1.74971e+09 0.99173 0.0756515 -0.103675 4.34049 -0.0586097 0.98561 0.158551 0.648635 0.114178 -0.151164 0.981893 1.23527 
1.74971e+09 0.987985 0.110515 -0.108041 4.36398 -0.0935938 0.984125 0.150792 0.661203 0.122991 -0.138868 0.982644 1.24174 
1.74971e+09 0.990121 0.117444 -0.0766036 4.38315 -0.106194 0.984823 0.137282 0.662522 0.0915638 -0.127791 0.987566 1.25646 
1.74971e+09 0.992796 0.113787 -0.0375343 4.40583 -0.107672 0.98468 0.137156 0.686844 0.0525659 -0.132127 0.989838 1.25597 
1.74971e+09 0.99298 0.114394 -0.030078 4.40952 -0.10936 0.984786 0.135043 0.682423 0.0450686 -0.130806 0.990383 1.2746 
1.74971e+09 0.99326 0.112872 -0.0263515 4.43236 -0.108438 0.985212 0.132658 0.671816 0.0409351 -0.128906 0.990812 1.26159 
1.74971e+09 0.994118 0.105506 -0.0244374 4.44372 -0.101326 0.985778 0.134068 0.688811 0.0382349 -0.130803 0.990671 1.26427 
1.74971e+09 0.995681 0.0901005 -0.0224088 4.46522 -0.0861253 0.986461 0.13956 0.673611 0.0346798 -0.137027 0.98996 1.26618 
1.74971e+09 0.996512 0.079274 -0.026057 4.47772 -0.0747057 0.986651 0.144704 0.693124 0.0371804 -0.142253 0.989132 1.27266 
1.74971e+09 0.997252 0.0712289 -0.0203651 4.4952 -0.067154 0.985233 0.157502 0.699391 0.031283 -0.155701 0.987309 1.28032 
1.74971e+09 0.999007 0.0443644 -0.00399807 4.51579 -0.0432622 0.987719 0.150131 0.694539 0.0106095 -0.149809 0.988658 1.288 
1.74971e+09 0.999823 0.0187559 -0.00170112 4.54608 -0.0183532 0.990631 0.135325 0.68811 0.00422332 -0.13527 0.9908 1.28936 
1.74971e+09 0.999933 0.00838071 -0.00804379 4.57154 -0.00716848 0.990067 0.140415 0.685398 0.00914066 -0.140347 0.99006 1.2856 
1.74971e+09 0.999881 0.00122362 -0.0153912 4.60161 0.00101682 0.989472 0.144722 0.697589 0.0154062 -0.14472 0.989353 1.29031 
1.74971e+09 0.999252 -0.00455088 -0.0383945 4.62142 0.0101746 0.988998 0.147577 0.689933 0.0373004 -0.147857 0.988305 1.30819 
1.74971e+09 0.997855 -0.0392626 -0.0523814 4.64848 0.0469671 0.986787 0.155065 0.704447 0.0456011 -0.157193 0.986515 1.32158 
1.74971e+09 0.995109 -0.0788848 -0.0594503 4.66912 0.0881881 0.98062 0.174951 0.700746 0.0444972 -0.179338 0.982781 1.3256 
1.74971e+09 0.99368 -0.0913141 -0.0652751 4.67938 0.101773 0.978237 0.180816 0.716132 0.0473434 -0.186317 0.981348 1.34277 
1.74971e+09 0.991385 -0.108001 -0.0741078 4.70504 0.120111 0.975281 0.185476 0.707367 0.0522444 -0.192779 0.97985 1.34366 
1.74971e+09 0.988629 -0.130851 -0.0741026 4.72963 0.142441 0.972828 0.182527 0.701296 0.0482052 -0.191007 0.980404 1.35122 
1.74971e+09 0.983511 -0.157936 -0.0881083 4.74586 0.171284 0.969816 0.173548 0.72361 0.0580393 -0.185778 0.980876 1.34964 
1.74971e+09 0.978136 -0.186002 -0.093022 4.75857 0.199667 0.965019 0.169917 0.726945 0.058163 -0.184776 0.981058 1.36006 
1.74971e+09 0.973706 -0.201159 -0.106921 4.78525 0.216695 0.962659 0.162266 0.73385 0.0702872 -0.181168 0.980937 1.35891 
1.74971e+09 0.972001 -0.216336 -0.0917248 4.80386 0.228504 0.961229 0.154355 0.751268 0.0547759 -0.170993 0.983748 1.36609 
1.74971e+09 0.969583 -0.224098 -0.0984327 4.8281 0.23674 0.960743 0.144662 0.766941 0.0621501 -0.163565 0.984573 1.37491 
1.74971e+09 0.970709 -0.216128 -0.104945 4.84896 0.229478 0.963406 0.13852 0.780887 0.0711666 -0.158545 0.984784 1.38507 
1.74971e+09 0.9689 -0.225195 -0.102563 4.88453 0.236923 0.963853 0.121877 0.780891 0.0714099 -0.142387 0.987232 1.3982 
1.74971e+09 0.966515 -0.227292 -0.119112 4.90782 0.239835 0.965194 0.104305 0.799569 0.0912584 -0.129379 0.987387 1.39836 
1.74971e+09 0.971118 -0.203617 -0.124382 4.93412 0.215825 0.971892 0.0940466 0.80599 0.101737 -0.118175 0.987767 1.40697 
1.74971e+09 0.97533 -0.191526 -0.109766 4.95977 0.201909 0.974994 0.0928443 0.809825 0.0892393 -0.112717 0.989612 1.40967 
1.74971e+09 0.978959 -0.179167 -0.097668 4.98072 0.189146 0.976337 0.104837 0.815249 0.0765735 -0.121104 0.989682 1.42322 
1.74971e+09 0.980119 -0.171577 -0.099637 5.003 0.182301 0.976966 0.110924 0.814801 0.0783099 -0.126883 0.988822 1.4354 
1.74971e+09 0.982218 -0.165023 -0.089528 5.01926 0.174694 0.97802 0.113833 0.822569 0.068775 -0.127449 0.989458 1.43654 
1.74971e+09 0.980143 -0.177859 -0.0876689 5.04017 0.187341 0.975487 0.115449 0.833065 0.0649862 -0.129581 0.989437 1.44019 
1.74971e+09 0.976885 -0.196104 -0.0850875 5.06536 0.205809 0.970397 0.126381 0.834346 0.0577848 -0.140972 0.988326 1.4534 
1.74971e+09 0.975806 -0.207878 -0.0677507 5.08617 0.215355 0.967348 0.133642 0.845504 0.0377572 -0.145 0.988711 1.45717 
1.74971e+09 0.974617 -0.21893 -0.0468185 5.0951 0.223435 0.964348 0.141809 0.848777 0.014103 -0.14867 0.988786 1.45593 
1.74971e+09 0.975664 -0.216372 -0.0355416 5.12347 0.219271 0.962735 0.158307 0.851099 -3.59455e-05 -0.162247 0.98675 1.4594 
1.74971e+09 0.97769 -0.207088 -0.0351705 5.15686 0.21004 0.9619 0.175017 0.858462 -0.00241356 -0.1785 0.983937 1.45545 
1.74971e+09 0.977001 -0.211982 -0.0230654 5.17643 0.21277 0.962028 0.170969 0.880593 -0.0140529 -0.171945 0.985006 1.46804 
1.74971e+09 0.980862 -0.194434 -0.0102662 5.20602 0.19304 0.964242 0.181583 0.895778 -0.0254067 -0.18009 0.983322 1.47317 
1.74971e+09 0.984599 -0.174778 -0.00420542 5.23339 0.172226 0.965527 0.195184 0.88519 -0.0300534 -0.192902 0.980758 1.4885 
1.74971e+09 0.986333 -0.164741 0.00258097 5.26381 0.161165 0.967943 0.192645 0.886693 -0.0342348 -0.189597 0.981265 1.50063 
1.74971e+09 0.991065 -0.132739 -0.0130386 5.29325 0.132839 0.973552 0.185875 0.896121 -0.0119791 -0.185947 0.982487 1.50595 
1.74971e+09 0.989879 -0.140827 -0.0175448 5.32253 0.14169 0.973761 0.178081 0.899066 -0.00799425 -0.178765 0.983859 1.51488 
1.74971e+09 0.990556 -0.1347 -0.0255853 5.34346 0.137106 0.974383 0.178271 0.895277 0.000916773 -0.180095 0.983649 1.50704 
1.74971e+09 0.992609 -0.117511 -0.030319 5.37201 0.12105 0.976504 0.17829 0.914835 0.00865564 -0.180642 0.983511 1.51082 
1.74971e+09 0.995701 -0.0897635 -0.0228272 5.38682 0.0924126 0.979328 0.179935 0.91586 0.00620378 -0.181271 0.983414 1.52812 
1.74971e+09 0.998082 -0.0616029 -0.00615086 5.41597 0.0617652 0.98406 0.166766 0.914136 -0.00422043 -0.166826 0.985977 1.53289 
1.74971e+09 0.999121 -0.0399032 -0.0128792 5.4403 0.0414494 0.986298 0.159682 0.906382 0.00633098 -0.160075 0.987085 1.54486 
1.74971e+09 0.999812 -0.0069459 -0.0180759 5.4629 0.00962675 0.98822 0.152737 0.928922 0.0168021 -0.152882 0.988102 1.54924 
1.74971e+09 0.999278 0.0279338 -0.0257463 5.49424 -0.0240817 0.989946 0.139384 0.93414 0.029381 -0.138663 0.989904 1.56209 
1.74971e+09 0.99759 0.0660618 -0.0212092 5.51647 -0.0628444 0.989872 0.127296 0.957285 0.0294037 -0.125656 0.991638 1.58587 
1.74971e+09 0.99538 0.0932308 -0.0229486 5.56552 -0.0902359 0.990029 0.108163 0.955923 0.0328039 -0.105593 0.993868 1.58018 
1.74971e+09 0.992264 0.121975 -0.0231053 5.58008 -0.119147 0.98796 0.0986895 0.971813 0.0348647 -0.0951731 0.99485 1.60017 
1.74971e+09 0.989482 0.142467 -0.0250672 5.6012 -0.139907 0.986557 0.0844481 0.972798 0.0367613 -0.0800528 0.996113 1.61373 
1.74971e+09 0.986208 0.163823 -0.0235576 5.62941 -0.161225 0.983077 0.0869863 0.971402 0.0374093 -0.0819886 0.995931 1.61835 
1.74971e+09 0.984345 0.175301 -0.0182684 5.64738 -0.173233 0.981382 0.0829457 0.980906 0.0324688 -0.0784826 0.996387 1.62284 
1.74971e+09 0.983585 0.179808 -0.0151635 5.67482 -0.177649 0.979651 0.0934008 0.993815 0.0316492 -0.0891739 0.995513 1.61982 
1.74971e+09 0.984192 0.176584 -0.0135971 5.69296 -0.174415 0.97971 0.0987345 0.980368 0.0307561 -0.0948021 0.995021 1.63148 
1.74971e+09 0.982397 0.185694 -0.0203668 5.71602 -0.182714 0.977842 0.102179 0.996058 0.0388895 -0.0966591 0.994558 1.63347 
1.74971e+09 0.98369 0.178434 -0.022698 5.73871 -0.175165 0.978972 0.104546 0.995992 0.0408753 -0.0988654 0.994261 1.64687 
1.74971e+09 0.984571 0.173544 -0.0224323 5.75404 -0.170109 0.979285 0.109834 1.01909 0.0410286 -0.104324 0.993697 1.65517 
1.74971e+09 0.987362 0.156258 -0.0264549 5.78274 -0.152149 0.981324 0.117702 1.01293 0.0443528 -0.11219 0.992696 1.66297 
1.74971e+09 0.989288 0.143616 -0.0261528 5.80547 -0.139542 0.982983 0.119466 1.00378 0.042865 -0.114537 0.992494 1.67307 
1.74971e+09 0.98911 0.143574 -0.0323763 5.84303 -0.138946 0.983448 0.116294 0.994054 0.0485372 -0.110529 0.992687 1.67106 
1.74971e+09 0.98985 0.134791 -0.045034 5.87921 -0.127879 0.98303 0.131523 1.00489 0.0619979 -0.124429 0.99029 1.67699 
1.74971e+09 0.992111 0.118986 -0.0394678 5.90723 -0.113155 0.985482 0.126573 1.00399 0.0539552 -0.121108 0.991172 1.67627 
1.74971e+09 0.991541 0.116209 -0.0578039 5.94322 -0.107617 0.985069 0.134379 1.00241 0.0725569 -0.127021 0.989243 1.6901 
1.74971e+09 0.993608 0.0975683 -0.0567849 5.96835 -0.0894706 0.987346 0.130934 1.00932 0.0688413 -0.125016 0.989764 1.70156 
1.74971e+09 0.995439 0.0791584 -0.0532389 5.99129 -0.0713328 0.988199 0.135555 1.01608 0.0633409 -0.131139 0.989338 1.69735 
1.74971e+09 0.996711 0.0554868 -0.0590552 6.01603 -0.0466819 0.988874 0.141242 1.01141 0.0662352 -0.13802 0.988212 1.71317 
1.74971e+09 0.998314 0.0289176 -0.0503372 6.03995 -0.021219 0.988871 0.147257 1.0084 0.0540353 -0.145941 0.987816 1.71776 
1.74971e+09 0.998748 0.00586654 -0.0496699 6.06129 0.00196597 0.987725 0.156192 1.01673 0.0499765 -0.156094 0.986477 1.72542 
1.74971e+09 0.99892 -0.0211979 -0.0413366 6.06487 0.0274462 0.987218 0.156995 1.03674 0.0374802 -0.15796 0.986734 1.73441 
1.74971e+09 0.998456 -0.0394842 -0.0390832 6.09182 0.0448595 0.987984 0.147903 1.03333 0.0327737 -0.149428 0.988229 1.74372 
1.74971e+09 0.998248 -0.0479795 -0.0346205 6.10569 0.0526841 0.987117 0.151079 1.04063 0.0269258 -0.152638 0.987915 1.74323 
1.74971e+09 0.997617 -0.0574065 -0.0382643 6.13688 0.0623781 0.987492 0.144808 1.05612 0.0294728 -0.146849 0.98872 1.74092 
1.74971e+09 0.996326 -0.0713354 -0.0473874 6.15556 0.0774703 0.986593 0.143639 1.0506 0.0365055 -0.146782 0.988495 1.75586 
1.74971e+09 0.993476 -0.096206 -0.0612402 6.17563 0.104514 0.982943 0.151327 1.05112 0.045637 -0.15674 0.986585 1.7652 
1.74971e+09 0.991234 -0.117361 -0.0606751 6.20841 0.125182 0.981138 0.147298 1.06649 0.0422436 -0.153602 0.987229 1.78265 
1.74971e+09 0.989187 -0.13367 -0.0603425 6.22858 0.140789 0.980732 0.135434 1.1048 0.0410764 -0.142465 0.988947 1.78602 
1.74971e+09 0.986565 -0.146658 -0.0719782 6.25617 0.155116 0.979173 0.130992 1.10137 0.0512681 -0.140397 0.988767 1.80775 
1.74971e+09 0.983104 -0.168001 -0.0726845 6.28581 0.176495 0.975279 0.132967 1.12326 0.0485491 -0.143549 0.988452 1.80462 
1.74971e+09 0.978903 -0.190712 -0.073335 6.31425 0.199195 0.970663 0.134667 1.12864 0.045501 -0.146434 0.988173 1.81601 
1.74971e+09 0.974576 -0.209706 -0.0788944 6.33049 0.219124 0.965553 0.140326 1.11938 0.0467496 -0.154046 0.986957 1.8198 
1.74971e+09 0.972081 -0.223665 -0.0709445 6.35012 0.232085 0.961026 0.150219 1.13404 0.0345808 -0.16249 0.986104 1.81337 
1.74971e+09 0.969089 -0.238259 -0.0640193 6.36828 0.245404 0.957605 0.150898 1.14667 0.0253523 -0.161944 0.986474 1.82404 
1.74971e+09 0.965681 -0.253719 -0.0555499 6.38214 0.259398 0.952936 0.156926 1.15716 0.0131202 -0.16595 0.986047 1.825 
1.74971e+09 0.961952 -0.269649 -0.0440216 6.40352 0.273217 0.948706 0.159088 1.1478 -0.00113441 -0.165063 0.986282 1.8327 
1.74971e+09 0.959659 -0.278475 -0.0388111 6.42335 0.281054 0.946175 0.160502 1.14499 -0.00797368 -0.164935 0.986272 1.8278 
